histone.sets <-
  structure(list(H3K36me3_AM_immune = list(c("H3K36me3_AM_immune/16", 
"H3K36me3_AM_immune/18", "H3K36me3_AM_immune/21", "H3K36me3_AM_immune/5", 
"H3K36me3_AM_immune/13", "H3K36me3_AM_immune/3", "H3K36me3_AM_immune/4", 
"H3K36me3_AM_immune/1", "H3K36me3_AM_immune/19", "H3K36me3_AM_immune/10", 
"H3K36me3_AM_immune/12"), c("H3K36me3_AM_immune/14", "H3K36me3_AM_immune/2", 
"H3K36me3_AM_immune/18", "H3K36me3_AM_immune/8", "H3K36me3_AM_immune/19", 
"H3K36me3_AM_immune/21", "H3K36me3_AM_immune/3", "H3K36me3_AM_immune/16", 
"H3K36me3_AM_immune/20", "H3K36me3_AM_immune/22", "H3K36me3_AM_immune/12"
), c("H3K36me3_AM_immune/23", "H3K36me3_AM_immune/12", "H3K36me3_AM_immune/15", 
"H3K36me3_AM_immune/17", "H3K36me3_AM_immune/10", "H3K36me3_AM_immune/16", 
"H3K36me3_AM_immune/9", "H3K36me3_AM_immune/7", "H3K36me3_AM_immune/6", 
"H3K36me3_AM_immune/18", "H3K36me3_AM_immune/4"), c("H3K36me3_AM_immune/14", 
"H3K36me3_AM_immune/5", "H3K36me3_AM_immune/23", "H3K36me3_AM_immune/2", 
"H3K36me3_AM_immune/12", "H3K36me3_AM_immune/22", "H3K36me3_AM_immune/16", 
"H3K36me3_AM_immune/4", "H3K36me3_AM_immune/19", "H3K36me3_AM_immune/1", 
"H3K36me3_AM_immune/17"), c("H3K36me3_AM_immune/21", "H3K36me3_AM_immune/4", 
"H3K36me3_AM_immune/10", "H3K36me3_AM_immune/19", "H3K36me3_AM_immune/22", 
"H3K36me3_AM_immune/9", "H3K36me3_AM_immune/18", "H3K36me3_AM_immune/5", 
"H3K36me3_AM_immune/16", "H3K36me3_AM_immune/13", "H3K36me3_AM_immune/7"
), c("H3K36me3_AM_immune/12", "H3K36me3_AM_immune/16", "H3K36me3_AM_immune/1", 
"H3K36me3_AM_immune/22", "H3K36me3_AM_immune/17", "H3K36me3_AM_immune/3", 
"H3K36me3_AM_immune/14", "H3K36me3_AM_immune/5", "H3K36me3_AM_immune/4", 
"H3K36me3_AM_immune/19", "H3K36me3_AM_immune/13")), H3K36me3_TDH_immune = list(
    c("H3K36me3_TDH_immune/1", "H3K36me3_TDH_immune/2"), c("H3K36me3_TDH_immune/1", 
    "H3K36me3_TDH_immune/3"), c("H3K36me3_TDH_immune/1", "H3K36me3_TDH_immune/4"
    ), c("H3K36me3_TDH_immune/2", "H3K36me3_TDH_immune/3"), c("H3K36me3_TDH_immune/2", 
    "H3K36me3_TDH_immune/4"), c("H3K36me3_TDH_immune/3", "H3K36me3_TDH_immune/4"
    )), H3K36me3_TDH_other = list(c("H3K36me3_TDH_other/1", "H3K36me3_TDH_other/2"
), c("H3K36me3_TDH_other/1", "H3K36me3_TDH_other/3"), c("H3K36me3_TDH_other/1", 
"H3K36me3_TDH_other/4"), c("H3K36me3_TDH_other/2", "H3K36me3_TDH_other/3"
), c("H3K36me3_TDH_other/2", "H3K36me3_TDH_other/4"), c("H3K36me3_TDH_other/3", 
"H3K36me3_TDH_other/4")), H3K4me3_PGP_immune = list(c("H3K4me3_PGP_immune/23", 
"H3K4me3_PGP_immune/30", "H3K4me3_PGP_immune/12", "H3K4me3_PGP_immune/3", 
"H3K4me3_PGP_immune/18", "H3K4me3_PGP_immune/29", "H3K4me3_PGP_immune/5", 
"H3K4me3_PGP_immune/17", "H3K4me3_PGP_immune/1", "H3K4me3_PGP_immune/27", 
"H3K4me3_PGP_immune/26", "H3K4me3_PGP_immune/8", "H3K4me3_PGP_immune/22", 
"H3K4me3_PGP_immune/25", "H3K4me3_PGP_immune/16"), c("H3K4me3_PGP_immune/2", 
"H3K4me3_PGP_immune/20", "H3K4me3_PGP_immune/19", "H3K4me3_PGP_immune/29", 
"H3K4me3_PGP_immune/15", "H3K4me3_PGP_immune/26", "H3K4me3_PGP_immune/12", 
"H3K4me3_PGP_immune/5", "H3K4me3_PGP_immune/13", "H3K4me3_PGP_immune/30", 
"H3K4me3_PGP_immune/11", "H3K4me3_PGP_immune/21", "H3K4me3_PGP_immune/24", 
"H3K4me3_PGP_immune/22", "H3K4me3_PGP_immune/27"), c("H3K4me3_PGP_immune/22", 
"H3K4me3_PGP_immune/20", "H3K4me3_PGP_immune/30", "H3K4me3_PGP_immune/25", 
"H3K4me3_PGP_immune/26", "H3K4me3_PGP_immune/18", "H3K4me3_PGP_immune/16", 
"H3K4me3_PGP_immune/7", "H3K4me3_PGP_immune/9", "H3K4me3_PGP_immune/14", 
"H3K4me3_PGP_immune/12", "H3K4me3_PGP_immune/19", "H3K4me3_PGP_immune/6", 
"H3K4me3_PGP_immune/1", "H3K4me3_PGP_immune/24"), c("H3K4me3_PGP_immune/2", 
"H3K4me3_PGP_immune/1", "H3K4me3_PGP_immune/21", "H3K4me3_PGP_immune/14", 
"H3K4me3_PGP_immune/10", "H3K4me3_PGP_immune/26", "H3K4me3_PGP_immune/12", 
"H3K4me3_PGP_immune/8", "H3K4me3_PGP_immune/23", "H3K4me3_PGP_immune/29", 
"H3K4me3_PGP_immune/19", "H3K4me3_PGP_immune/28", "H3K4me3_PGP_immune/13", 
"H3K4me3_PGP_immune/7", "H3K4me3_PGP_immune/17"), c("H3K4me3_PGP_immune/24", 
"H3K4me3_PGP_immune/16", "H3K4me3_PGP_immune/8", "H3K4me3_PGP_immune/25", 
"H3K4me3_PGP_immune/23", "H3K4me3_PGP_immune/11", "H3K4me3_PGP_immune/10", 
"H3K4me3_PGP_immune/5", "H3K4me3_PGP_immune/29", "H3K4me3_PGP_immune/21", 
"H3K4me3_PGP_immune/20", "H3K4me3_PGP_immune/19", "H3K4me3_PGP_immune/26", 
"H3K4me3_PGP_immune/18", "H3K4me3_PGP_immune/1"), c("H3K4me3_PGP_immune/27", 
"H3K4me3_PGP_immune/16", "H3K4me3_PGP_immune/17", "H3K4me3_PGP_immune/28", 
"H3K4me3_PGP_immune/20", "H3K4me3_PGP_immune/14", "H3K4me3_PGP_immune/26", 
"H3K4me3_PGP_immune/12", "H3K4me3_PGP_immune/6", "H3K4me3_PGP_immune/21", 
"H3K4me3_PGP_immune/5", "H3K4me3_PGP_immune/8", "H3K4me3_PGP_immune/18", 
"H3K4me3_PGP_immune/3", "H3K4me3_PGP_immune/30")), H3K4me3_TDH_immune = list(
    c("H3K4me3_TDH_immune/23", "H3K4me3_TDH_immune/11", "H3K4me3_TDH_immune/16", 
    "H3K4me3_TDH_immune/15", "H3K4me3_TDH_immune/7", "H3K4me3_TDH_immune/2", 
    "H3K4me3_TDH_immune/19", "H3K4me3_TDH_immune/24", "H3K4me3_TDH_immune/25", 
    "H3K4me3_TDH_immune/17", "H3K4me3_TDH_immune/8", "H3K4me3_TDH_immune/6", 
    "H3K4me3_TDH_immune/1"), c("H3K4me3_TDH_immune/19", "H3K4me3_TDH_immune/25", 
    "H3K4me3_TDH_immune/4", "H3K4me3_TDH_immune/3", "H3K4me3_TDH_immune/9", 
    "H3K4me3_TDH_immune/18", "H3K4me3_TDH_immune/27", "H3K4me3_TDH_immune/21", 
    "H3K4me3_TDH_immune/23", "H3K4me3_TDH_immune/1", "H3K4me3_TDH_immune/24", 
    "H3K4me3_TDH_immune/14", "H3K4me3_TDH_immune/12"), c("H3K4me3_TDH_immune/6", 
    "H3K4me3_TDH_immune/22", "H3K4me3_TDH_immune/4", "H3K4me3_TDH_immune/14", 
    "H3K4me3_TDH_immune/26", "H3K4me3_TDH_immune/24", "H3K4me3_TDH_immune/2", 
    "H3K4me3_TDH_immune/1", "H3K4me3_TDH_immune/8", "H3K4me3_TDH_immune/17", 
    "H3K4me3_TDH_immune/11", "H3K4me3_TDH_immune/23", "H3K4me3_TDH_immune/9"
    ), c("H3K4me3_TDH_immune/24", "H3K4me3_TDH_immune/12", "H3K4me3_TDH_immune/4", 
    "H3K4me3_TDH_immune/17", "H3K4me3_TDH_immune/27", "H3K4me3_TDH_immune/15", 
    "H3K4me3_TDH_immune/14", "H3K4me3_TDH_immune/1", "H3K4me3_TDH_immune/7", 
    "H3K4me3_TDH_immune/13", "H3K4me3_TDH_immune/18", "H3K4me3_TDH_immune/19", 
    "H3K4me3_TDH_immune/11"), c("H3K4me3_TDH_immune/16", "H3K4me3_TDH_immune/27", 
    "H3K4me3_TDH_immune/7", "H3K4me3_TDH_immune/12", "H3K4me3_TDH_immune/26", 
    "H3K4me3_TDH_immune/3", "H3K4me3_TDH_immune/5", "H3K4me3_TDH_immune/9", 
    "H3K4me3_TDH_immune/21", "H3K4me3_TDH_immune/4", "H3K4me3_TDH_immune/25", 
    "H3K4me3_TDH_immune/15", "H3K4me3_TDH_immune/13"), c("H3K4me3_TDH_immune/14", 
    "H3K4me3_TDH_immune/18", "H3K4me3_TDH_immune/21", "H3K4me3_TDH_immune/5", 
    "H3K4me3_TDH_immune/20", "H3K4me3_TDH_immune/15", "H3K4me3_TDH_immune/10", 
    "H3K4me3_TDH_immune/8", "H3K4me3_TDH_immune/25", "H3K4me3_TDH_immune/16", 
    "H3K4me3_TDH_immune/12", "H3K4me3_TDH_immune/4", "H3K4me3_TDH_immune/19"
    )),